	1-cell	2-cell	128-cell	1k-cell	dome	50pct-epiboly	shield	75pct-epiboly	1-4_somites	14-19_somites	20-25_somites	prim-5	prim-15	prim-25	2dpf	3dpf	4dpf	5dpf
CTT	-5.682182967725457	-5.685960953530015	-5.688817412436196	-5.69053155087105	-5.706151948163874	-5.7144935492166935	-5.715557536205669	-5.71929084261967	-5.7234030642305695	-5.722325643425207	-5.723591380300765	-5.72381123499359	-5.724871699681573	-5.727029540566239	-5.728713309835264	-5.735220551733631	-5.737780621952525	-5.738791368897056
ACC	-6.784033180032891	-6.784802736511166	-6.778906041575963	-6.778392909802289	-6.763906818671524	-6.757092981830983	-6.750986880052415	-6.75071825751365	-6.757539264760455	-6.757243824236826	-6.758592074276182	-6.758618679199585	-6.757358157855996	-6.755742802948302	-6.756017481091779	-6.759037117128461	-6.758803244979013	-6.757596741073621
AAG	-5.897001929695475	-5.896574360030159	-5.887693112461499	-5.884785093340814	-5.884206695828807	-5.884057497127501	-5.885370264544002	-5.8849990875924005	-5.881926157714413	-5.880793540206773	-5.879227199976496	-5.878459861414781	-5.877024874002876	-5.877394262177221	-5.875694818123362	-5.873269859378094	-5.873129078717192	-5.872577870413172
AAA	-4.690394106515151	-4.680185419742564	-4.658904674995986	-4.652609685548235	-4.644594999080135	-4.636381515840266	-4.64180285914083	-4.635227115838782	-4.621782892294618	-4.620212735647092	-4.612406162840132	-4.609323403209976	-4.607037451742896	-4.605779124810825	-4.600232064218084	-4.589944981770771	-4.587821383891201	-4.587559072273736
ATC	-6.214375126361062	-6.212898884298342	-6.209204957156621	-6.208776830228189	-6.210920503045622	-6.211188274892823	-6.212000948192331	-6.213813991448166	-6.215222380167521	-6.2162929176087465	-6.214917723186002	-6.213089900391021	-6.212048436908786	-6.212223681414737	-6.209583401267986	-6.206673862785642	-6.205100379498794	-6.204732834573122
AAC	-5.916167151920475	-5.909613003033268	-5.895673234854428	-5.891615023877983	-5.877324720338169	-5.871534534666017	-5.873644920598303	-5.869987461801731	-5.864511912528515	-5.864813884391941	-5.861054455890289	-5.861019022474639	-5.859343263742282	-5.85735328986035	-5.854608821781559	-5.848155025187999	-5.846082638945397	-5.845346459036052
ATG	-5.553350142927306	-5.554624989424467	-5.553872825782918	-5.554409122557241	-5.5583985030499266	-5.559052999135295	-5.560306759047414	-5.559337183023692	-5.555959609819411	-5.555818317825365	-5.554943521567497	-5.553788853322753	-5.5529340040888995	-5.555155173478264	-5.553317657068133	-5.549242112282659	-5.548946689080195	-5.5505242334294165
AGG	-6.598041770932101	-6.601911119909526	-6.60382001890554	-6.604101853711186	-6.6012906409981404	-6.605019659624658	-6.602370487257618	-6.604309328600664	-6.607930289518849	-6.607709607219534	-6.611977998787349	-6.613361382450297	-6.611740510629975	-6.610071063499994	-6.61225060845679	-6.6176952942402245	-6.618948901731498	-6.617262846403288
CCT	-6.465757252648802	-6.471476850504599	-6.472544747269167	-6.475069328612992	-6.476715064905626	-6.479307843690662	-6.472664660655503	-6.478208556589919	-6.490521008880201	-6.488700321066969	-6.493222115292459	-6.493269766927352	-6.492979512349539	-6.491944129873041	-6.4939218433074	-6.50447581660611	-6.5079270772982465	-6.5073895122801115
CTC	-6.311358698701246	-6.317792030290585	-6.322187561753898	-6.326843053152676	-6.329847740320072	-6.3370818284011925	-6.329547922265529	-6.33607062424836	-6.348277681511489	-6.345447017222124	-6.351132655941029	-6.351080070043142	-6.349489566285279	-6.347623951408472	-6.349766490323665	-6.362590984084892	-6.366647751893311	-6.365402370002967
AGC	-6.3870259817817185	-6.39038858056542	-6.391422938718118	-6.392617214582943	-6.388323065500485	-6.391101969177567	-6.387008919940115	-6.387843533487662	-6.389366309916837	-6.388185980480609	-6.390459435468383	-6.390825993310144	-6.389764008590124	-6.388341772227667	-6.389875951969527	-6.391735899683259	-6.39071319674435	-6.388197925508076
ACA	-5.453224871356279	-5.445843756234623	-5.439630577759136	-5.438951105311798	-5.423628091070906	-5.421023648302306	-5.421382493495683	-5.417839996366107	-5.411972946523673	-5.411581251877514	-5.408817524996236	-5.407006457381397	-5.406777096242565	-5.406036080456146	-5.402181997199733	-5.39417938161062	-5.389685582000784	-5.388331452595932
AGA	-5.840697374260631	-5.840061289863195	-5.8308330696803	-5.8290127133097425	-5.8252230354108425	-5.826236640443558	-5.825372511113671	-5.825922879883886	-5.826148325842983	-5.824444712208886	-5.825035591504627	-5.823118002069084	-5.821785978911662	-5.821113093785714	-5.819641157388569	-5.818111789422526	-5.817037889939355	-5.8147564406822205
CAT	-5.69295637224479	-5.688502848422914	-5.681657425009461	-5.6807916716601605	-5.679459384221868	-5.677620598421037	-5.678977314393152	-5.677981044678699	-5.674200093235925	-5.67514248409072	-5.6729853057160815	-5.672254616279925	-5.672154560096428	-5.672605930854505	-5.671162373648448	-5.666667183202834	-5.665387001257309	-5.666591509493404
AAT	-5.232385883354853	-5.225111430068072	-5.222106748306853	-5.217922298292393	-5.213077034663237	-5.205202056015381	-5.211773729270818	-5.205399509724891	-5.195399522308374	-5.196840333637369	-5.190227671204397	-5.188296364231826	-5.188107256462639	-5.189457045796111	-5.184991330247388	-5.171274009210779	-5.166499998968349	-5.167518969002376
ATT	-5.088593543297903	-5.083308141857538	-5.085508011729812	-5.083760195493414	-5.087347795639047	-5.084937011279792	-5.091722728006909	-5.087958306809484	-5.080633557503174	-5.082730767453433	-5.078148407722516	-5.077651760848276	-5.07927739437148	-5.080618894562348	-5.079233238098186	-5.072868969564362	-5.070658402208091	-5.072233760980884
CTG	-5.71755854396338	-5.723988519941933	-5.727471744458877	-5.730441405145473	-5.735008392115573	-5.737965176390163	-5.732894799005912	-5.738521704816978	-5.74906582696879	-5.747760637494983	-5.754173212505426	-5.754835052545237	-5.755169684708228	-5.757709213837038	-5.760295449161004	-5.768591431283523	-5.7701149622522525	-5.76980711794069
CTA	-6.58240029768277	-6.579488291641195	-6.571145240230839	-6.5689978382238365	-6.562391422101251	-6.556572341412456	-6.558045996911072	-6.553868735049028	-6.549641084608376	-6.55150236827048	-6.545584460033291	-6.544397246109207	-6.543314849225149	-6.54168337096374	-6.538363412145777	-6.531654317806423	-6.528118874990604	-6.5278703800602305
ACT	-5.897561220453981	-5.895984338054464	-5.8908012617239915	-5.8895958724212	-5.89191368897803	-5.893602105491043	-5.894925009413636	-5.8943464291569265	-5.893792529781088	-5.894217816749711	-5.8931750746365115	-5.892905451454539	-5.892743504755591	-5.893489078296312	-5.892097842335954	-5.890465319771114	-5.889151281369718	-5.889342359281833
CAC	-6.0392820544723085	-6.038264295683636	-6.0418988840347385	-6.045753041674809	-6.037098444122735	-6.043927451626639	-6.040019605274859	-6.0403154516828526	-6.042046785951947	-6.041712304818339	-6.043432556443073	-6.04233448889137	-6.043043333725082	-6.04146776819138	-6.0405310370385585	-6.040319173244745	-6.036998334414558	-6.03478301077335
ACG	-7.5531234064660815	-7.558751148598381	-7.5602482805183815	-7.563235405438116	-7.5557850757905225	-7.556870918614096	-7.549501147323943	-7.548168803200853	-7.546153817891609	-7.5439228764822515	-7.546651443508779	-7.547414275624082	-7.543134604528998	-7.534866932829474	-7.534873241865935	-7.543921614313716	-7.549557548545641	-7.545892729582598
CAA	-5.820829526434307	-5.812531641480994	-5.797735845071748	-5.793143608505494	-5.77955499449285	-5.7716497569722085	-5.77460525703293	-5.769454659580819	-5.760895385437468	-5.7612741743847105	-5.755348873485307	-5.753256420752078	-5.751167440601783	-5.750550104159021	-5.745201993891553	-5.735771376803836	-5.73237104861164	-5.731923750891988
AGT	-5.975395292918117	-5.972138710947032	-5.969353037024312	-5.966463744257605	-5.959698096344777	-5.957555296976029	-5.959306966745427	-5.960690427269745	-5.962695440109151	-5.965133607866796	-5.96488178536757	-5.967672758046159	-5.9686875632671645	-5.968106248569986	-5.970637412471649	-5.968704543071689	-5.967070796471835	-5.9670208563605565
CCA	-6.374538419876971	-6.37568656256476	-6.372167702828093	-6.37178327408699	-6.362153069384854	-6.356314724041499	-6.3508760411529215	-6.349340483923314	-6.35248660932053	-6.352135007683394	-6.352211292738268	-6.351024580633355	-6.349954797553912	-6.349319315752951	-6.348606764777725	-6.351416652855784	-6.351745431157409	-6.351381612264499
CCG	-8.158452677090986	-8.167810595098432	-8.171663516379725	-8.17488398781883	-8.147653777124876	-8.143526537675351	-8.130403810518308	-8.135564884920061	-8.151042724863139	-8.147390980594023	-8.155872888676194	-8.158179988705767	-8.156280188982153	-8.148118375140514	-8.151629276514644	-8.167551249870336	-8.172840721005127	-8.167657327340715
CCC	-7.180796437200093	-7.185406041699014	-7.187981366418791	-7.190265334814867	-7.1725546316219	-7.164834477259946	-7.152872535664408	-7.151737501291453	-7.168241660018252	-7.164640624977726	-7.167434436381525	-7.165047857194004	-7.163073606690474	-7.155376042632343	-7.155724596500928	-7.166930107932398	-7.1707862985088715	-7.168623740249732
TAG	-6.590456144474094	-6.583445163400685	-6.578884077271383	-6.575449167307178	-6.570253811639481	-6.570124601126988	-6.5751160540135025	-6.5720415101140475	-6.5641455508051285	-6.565931800012509	-6.561301979164139	-6.561772335310964	-6.56102991345436	-6.555569713341432	-6.556812746995917	-6.5497319232881805	-6.545922555139098	-6.545406227329586
TAT	-5.343304703615805	-5.337957721979768	-5.342953030561362	-5.343389112487319	-5.345505278003393	-5.342396023445394	-5.347776570477136	-5.340535776721623	-5.326854269359038	-5.326902591565443	-5.319973889592897	-5.317134025233126	-5.316818167564265	-5.31592754719871	-5.311890274783823	-5.299614266750041	-5.297386962682955	-5.298629791901716
GGT	-6.712675883086219	-6.7144064020236325	-6.715128757976689	-6.713834602872079	-6.712457829069616	-6.709333494608229	-6.708202555924645	-6.710877374176642	-6.718193567229138	-6.720013886626342	-6.723884546247028	-6.727786948145229	-6.727039065779179	-6.726395797439788	-6.729885196549792	-6.735523797400348	-6.7364298819100945	-6.736045310632096
TGT	-4.991682650270637	-4.997440663454116	-5.006999481058839	-5.0126599208356355	-5.025350548712926	-5.031230885483449	-5.027694829992518	-5.030780917355446	-5.033550644879783	-5.0325229680011025	-5.035852715847251	-5.035823044782169	-5.037687154946271	-5.03995610369181	-5.042292945214519	-5.046904283143182	-5.049751409552791	-5.051297468883577
CGA	-7.844836130891056	-7.851649352587741	-7.851668307166812	-7.852088606722543	-7.840519208874703	-7.839512880934546	-7.831196033896733	-7.831319670318828	-7.829341073669955	-7.8271987761823425	-7.830524258744959	-7.831769873319979	-7.828010472898265	-7.819003677612552	-7.818117571226657	-7.827074189881079	-7.833384956110497	-7.829005500802287
CAG	-5.945585749388943	-5.945942836693622	-5.94525764291067	-5.945160934201943	-5.936503216193546	-5.936092081374593	-5.932627298585907	-5.933995514776369	-5.939365655666803	-5.939154141549435	-5.942549894562734	-5.943587350261341	-5.943241676609131	-5.942962567268523	-5.944807511341562	-5.947156683254379	-5.945617489293289	-5.943476008843009
TCT	-5.625209675621639	-5.631420662256908	-5.637428244522548	-5.641520256356761	-5.654945791665241	-5.661421860585369	-5.6585545277293745	-5.663306781620791	-5.67167627416715	-5.669845364145795	-5.672777897449438	-5.672090819932074	-5.6723545571809	-5.674181459184021	-5.6754501573710705	-5.684643081545434	-5.687624991873008	-5.688157547101676
GAT	-6.078786469169352	-6.081525733326747	-6.084679319351308	-6.084814165706481	-6.087455206881968	-6.089261429098933	-6.090675301284673	-6.093157650744412	-6.093890162811953	-6.094537427435337	-6.096409204981839	-6.095897044285595	-6.096383804319374	-6.0980980064696055	-6.09823509288248	-6.098277976855629	-6.098228061137531	-6.098044116446111
CGG	-8.154293997093887	-8.165215118894743	-8.173566756982302	-8.17632046717766	-8.147671912699105	-8.14197450175853	-8.131042846496872	-8.135409436035511	-8.14630231331441	-8.143605620522615	-8.153842256422351	-8.157233996102505	-8.155968026976826	-8.148748275850163	-8.154070961824166	-8.169045742823922	-8.175606337081094	-8.170765011322553
TTT	-4.1789465846312135	-4.182617347567736	-4.199370929117514	-4.202021959024239	-4.224182817573779	-4.231158179090775	-4.234916224959724	-4.2381820298755475	-4.2436462916926985	-4.2449299920747325	-4.246912408744111	-4.2493391305413075	-4.254253877290084	-4.258007737320768	-4.262991470129052	-4.271719023268207	-4.27569419409255	-4.278869517048826
ATA	-5.556614248583873	-5.546216495724707	-5.544304911884826	-5.541035763762837	-5.527863228905151	-5.516619593805528	-5.522081450181651	-5.5117599797286	-5.493439103970348	-5.493160437564401	-5.484410132846137	-5.480660206856172	-5.479568228245996	-5.477862471429177	-5.471864179996581	-5.451526330655507	-5.446211632975988	-5.4464357834763115
TGC	-6.036546114371034	-6.0385890440031025	-6.040021354991089	-6.042953012687824	-6.046398963058266	-6.0508928874356105	-6.049190732536259	-6.052450185481169	-6.056369318382878	-6.05668822524401	-6.059572219328822	-6.060724867294659	-6.061482399708508	-6.063094378821285	-6.065169251145757	-6.069169764731684	-6.069559701653822	-6.069948172061777
GGG	-7.173313745170572	-7.179518270432864	-7.191790477544199	-7.189408253426011	-7.173096960919021	-7.17169930699887	-7.166483405699582	-7.16945362959775	-7.176909175149158	-7.176258362500812	-7.181028544859313	-7.182500854792733	-7.180236699577183	-7.176696074119607	-7.1779102249263005	-7.186283179783028	-7.190317148338782	-7.18859327742886
TGA	-5.5143368895080584	-5.516160089531519	-5.514930279070809	-5.514402167638604	-5.517630920939727	-5.518659930245454	-5.519784379335558	-5.522168227330332	-5.523820735583228	-5.5250792344658	-5.52612996836661	-5.526946769580728	-5.527117473517903	-5.529692215516817	-5.530203841090704	-5.529300940894744	-5.529208823910949	-5.529796440462334
GGA	-6.445410374044572	-6.452423419034761	-6.457022654579944	-6.458424205915108	-6.462870512894191	-6.468655967148977	-6.463484495972272	-6.466714079870282	-6.474264898021306	-6.472293028292815	-6.48072887786722	-6.482589700328314	-6.481478468420729	-6.482222788306001	-6.484895085514864	-6.49613904370183	-6.4997639432949565	-6.498413888343908
TGG	-6.2183610343586695	-6.222768780688482	-6.226084052108193	-6.2253626527788555	-6.228394253369326	-6.227840953498476	-6.224487805596274	-6.227343184464666	-6.235235678582447	-6.23530024587305	-6.241329067040501	-6.244266631355979	-6.2438750888814	-6.245188082771629	-6.248153283208031	-6.256663550194352	-6.258915164947953	-6.258482397866794
GGC	-7.314644304393866	-7.32116017257203	-7.32673760549964	-7.326575621688743	-7.306325494832978	-7.302223133004991	-7.295428925365345	-7.297159296245967	-7.301326685938384	-7.300471674231034	-7.305081134785463	-7.30612135348574	-7.305208622810462	-7.301237939500283	-7.303961394886701	-7.310909253722369	-7.313535815916092	-7.310349384268534
TAC	-6.383582186486444	-6.378406283445617	-6.371919981804785	-6.370365154437244	-6.362295279638275	-6.353960496886238	-6.354472274066794	-6.349807649595624	-6.3444995011689675	-6.344598038328861	-6.339768675258728	-6.337372512009336	-6.33653411226159	-6.336633966962062	-6.333055888245207	-6.326974973636377	-6.324493456877115	-6.324724530268497
TTC	-5.659983491198859	-5.66249621625389	-5.661597873331855	-5.662971088456476	-5.673710933259958	-5.6775400986346405	-5.677434987951294	-5.680045180833483	-5.683936725680569	-5.68397621960722	-5.685825687900688	-5.686656831637534	-5.68740952791783	-5.688574296644331	-5.690410653415327	-5.697428574512878	-5.6999364008112465	-5.700932891556205
TCG	-7.732460424732225	-7.741104356077956	-7.746932967189967	-7.749770323985848	-7.746960772711335	-7.748080709114031	-7.740581708587451	-7.74271947088109	-7.745207026557539	-7.744248887672402	-7.749880434982408	-7.752657387384496	-7.749053514343051	-7.741278211324782	-7.744161075871113	-7.758007318273237	-7.765655660145682	-7.763667613169672
TTA	-5.2205564688320125	-5.215528262199462	-5.2226576333055394	-5.2212263701144	-5.225311380410228	-5.225538685747213	-5.233206327874865	-5.230457348788813	-5.225942438380773	-5.228507259721999	-5.223796140792214	-5.223765408649747	-5.225601582071707	-5.226527200287618	-5.225939584359924	-5.219217988775647	-5.216467819885574	-5.218055200030883
TTG	-5.373066609496776	-5.377360030223124	-5.380032942703807	-5.380479051852418	-5.395517812767583	-5.399426094772074	-5.400773606260098	-5.402788680869082	-5.404466343356068	-5.40513479464841	-5.407161196594623	-5.409198224426643	-5.4116700781430405	-5.415006529698817	-5.41805093690836	-5.424122385701903	-5.427149904352574	-5.429558422382926
TCC	-6.534656346034348	-6.540283406658369	-6.54302258259046	-6.5454647466433515	-6.547511324836546	-6.549649403820352	-6.54376533602546	-6.549145563205372	-6.559848329264544	-6.557433833929838	-6.56131107442494	-6.56052559664999	-6.559401433366856	-6.557387486161041	-6.558293261548027	-6.568561869483655	-6.572231448586795	-6.5717545177391194
GAA	-5.791407866531061	-5.790409351886283	-5.779764755062949	-5.776793149680139	-5.778860677081791	-5.778889403708754	-5.779810177175865	-5.778310841897174	-5.774646724523786	-5.773381991329928	-5.772109179703316	-5.771465597881536	-5.769019680067245	-5.769141592650396	-5.7675478169393175	-5.766049104035848	-5.766444256189561	-5.766277012646685
TAA	-5.354728098052357	-5.349135211172394	-5.349124531264702	-5.345495782304608	-5.339147588287756	-5.332508685082504	-5.338951464022608	-5.334331891648411	-5.3268620586233215	-5.328415984815252	-5.322988413246283	-5.3222681621656385	-5.323235896356712	-5.324335486953172	-5.321506690734575	-5.308819604525281	-5.304336463144697	-5.3051422971852435
GCA	-6.233588008457776	-6.232023113322122	-6.23130896775951	-6.231818283718247	-6.225444424199942	-6.22713112934741	-6.226591184715641	-6.226000148211446	-6.22367793951811	-6.223677639847686	-6.224019390271577	-6.223737010206066	-6.222717051610956	-6.221492932749634	-6.220986906895601	-6.218106335008719	-6.215675765915226	-6.214349203268526
GTA	-6.26330314792686	-6.262248657134526	-6.257664590778558	-6.257552616653044	-6.25719743777183	-6.254183548077705	-6.254896812884316	-6.25210156967902	-6.244312635211547	-6.24257290843646	-6.2401966143767265	-6.2389219286206155	-6.237800513254635	-6.236432602887773	-6.23524696384894	-6.230457583918258	-6.229926865817912	-6.23037248549675
GCC	-7.165300618203278	-7.171476162530195	-7.172532367458732	-7.174267960238984	-7.16150151123525	-7.158319681493257	-7.1486475064359984	-7.149471142822555	-7.157008044049216	-7.1556539833914234	-7.159500638880403	-7.159699535916351	-7.159763111412428	-7.1579278066849055	-7.1597685191749	-7.169665094686251	-7.173041676603121	-7.17117226806632
GTC	-6.613225138125426	-6.618144976083708	-6.621343521321066	-6.62277039825775	-6.623527395378998	-6.624536700922556	-6.620437972076509	-6.623281324257293	-6.628945758579161	-6.6274046782554885	-6.630133560445275	-6.630785935714409	-6.629882164956991	-6.628776983303605	-6.630211576084143	-6.6364852292845296	-6.63916005821456	-6.639031261395693
GCG	-7.926750333205713	-7.934950059403692	-7.947462490486431	-7.95230691340637	-7.921728543605309	-7.918426105496007	-7.9046689285255445	-7.908093756764604	-7.920773737201414	-7.920723213112403	-7.9311755556029055	-7.93754440244974	-7.937823417896642	-7.928149507356593	-7.935542845193145	-7.95149038071815	-7.956859381400092	-7.9513021906997725
GTG	-5.833951109679573	-5.837228482824359	-5.850019612141703	-5.8570424158787935	-5.858150477571082	-5.863871079058052	-5.85694353261025	-5.862755942515959	-5.869921782327343	-5.870723887842371	-5.876569960981326	-5.878715852207586	-5.879929437083181	-5.879582846778498	-5.883830751962668	-5.888714714825244	-5.890277507516543	-5.888797280844667
GAG	-6.364806312466624	-6.372109359943478	-6.374645718297881	-6.376612860121542	-6.371907657449463	-6.3772591914851935	-6.37072372427924	-6.3770404084398065	-6.388580865322804	-6.388395034730066	-6.396450905288215	-6.3983361014880105	-6.398517636777921	-6.398272186159691	-6.401798590276957	-6.409849671969025	-6.411853574110635	-6.408490218969923
GTT	-5.5131269744959805	-5.517632631962916	-5.522990479289074	-5.523844475377517	-5.536588892816399	-5.540613662106148	-5.54128601788248	-5.544257976228599	-5.55048312869552	-5.552515227212391	-5.5557648326929705	-5.559167991466231	-5.561687246971731	-5.563893945764763	-5.568591782976061	-5.576424854131675	-5.579388517496689	-5.581901155638553
GCT	-6.249383779671415	-6.255642721547569	-6.2589818048464325	-6.261632111765108	-6.263763610943436	-6.268087079315283	-6.2647041375325925	-6.269802417341289	-6.27646860689627	-6.275715022856282	-6.280299815680556	-6.281877549011049	-6.281594709087982	-6.282394158374508	-6.286041741508034	-6.293061227440247	-6.294136040185286	-6.293138942278626
GAC	-6.618738327630319	-6.621258644794374	-6.619027970578097	-6.6192512466485685	-6.617346947946987	-6.6181558508869855	-6.613774642355365	-6.614869673174371	-6.618179522559853	-6.616485120001559	-6.62060843951807	-6.621223574958865	-6.619948825626243	-6.61877098919258	-6.618222222098016	-6.622982353710654	-6.624515280085506	-6.622863618661987
CGT	-7.432107041771669	-7.440053349253835	-7.449009979450234	-7.455174446641764	-7.460134503875933	-7.467370611499946	-7.459247044087478	-7.46141137536438	-7.465461949818074	-7.464310726888569	-7.469641915835902	-7.472778430642208	-7.4700346701120095	-7.4625662237627735	-7.467131609481375	-7.482202541334331	-7.489312031878887	-7.487478383755685
TCA	-5.621482748160124	-5.618270076411794	-5.610572598694853	-5.609186332112602	-5.609712840164835	-5.610844248895152	-5.612268397249622	-5.613480882248632	-5.614150232620049	-5.6156547153403995	-5.615167345927642	-5.615540583455804	-5.615344642144874	-5.61596364762828	-5.615656248556999	-5.613954649084095	-5.61258751082513	-5.612689900873121
CGC	-7.9644877156465865	-7.970367517450052	-7.975347264706735	-7.978756889796632	-7.941971856245012	-7.933889209274282	-7.919908270797916	-7.921730709241243	-7.93533213545123	-7.934348932321085	-7.942482774209684	-7.9465325236145965	-7.944464699379814	-7.934289849535806	-7.93815745049133	-7.952222725380101	-7.956156607958928	-7.95051985351393
